Finding features...
Features in image #1: 723
Features in image #2: 502
Features in image #3: 341
Features in image #4: 404
Features in image #5: 343
Features in image #6: 713
Features in image #7: 1469
Features in image #8: 1619
Finding features, time: 2.72987 sec
Pairwise matchingPairwise matching, time: 1.00039 sec
Initial camera intrinsics #1:
K:
[444.6855147625091, 0, 290.5;
 0, 444.6855147625091, 516.5;
 0, 0, 1]
R:
[0.53940725, -0.020943666, -1.3878239;
 -0.072996847, 1.1087769, 0.066301286;
 0.57166475, 0.16932045, 0.75427401]
Initial camera intrinsics #2:
K:
[444.6855147625091, 0, 290.5;
 0, 444.6855147625091, 516.5;
 0, 0, 1]
R:
[0.75326872, -0.026540946, -1.0249487;
 -0.082039028, 1.0659194, -0.014652463;
 0.39618051, 0.17965604, 0.93758136]
Initial camera intrinsics #3:
K:
[444.6855147625091, 0, 290.5;
 0, 444.6855147625091, 516.5;
 0, 0, 1]
R:
[0.96078324, 0.027543804, -0.50345641;
 -0.05143955, 1.0201173, 0.01480084;
 0.10909928, 0.060141195, 1]
Initial camera intrinsics #4:
K:
[444.6855147625091, 0, 290.5;
 0, 444.6855147625091, 516.5;
 0, 0, 1]
R:
[1, 0, 0;
 0, 1, 0;
 0, 0, 1]
Initial camera intrinsics #5:
K:
[444.6855147625091, 0, 290.5;
 0, 444.6855147625091, 516.5;
 0, 0, 1]
R:
[0.85979867, -0.063017093, 0.61353195;
 0.058138188, 0.93908668, 0.047467161;
 -0.19267718, 0.0028768557, 0.8624388]
Initial camera intrinsics #6:
K:
[444.6855147625091, 0, 290.5;
 0, 444.6855147625091, 516.5;
 0, 0, 1]
R:
[0.42724201, -0.13536188, 1.0141491;
 0.088982359, 0.78943968, 0.080205105;
 -0.40187317, 0.014954543, 0.49257743]
Initial camera intrinsics #7:
K:
[444.6855147625091, 0, 290.5;
 0, 444.6855147625091, 516.5;
 0, 0, 1]
R:
[0.1335706, -0.13575029, 1.111339;
 0.082800709, 0.73013133, 0.13506941;
 -0.45445266, 0.035492137, 0.16472316]
Initial camera intrinsics #8:
K:
[444.6855147625091, 0, 290.5;
 0, 444.6855147625091, 516.5;
 0, 0, 1]
R:
[-0.056067012, -0.14769128, 1.0719957;
 0.12150136, 0.71675235, 0.23231895;
 -0.45208904, 0.066111922, -0.11452401]
Camera #1:
K:
[871.9665843018346, 0, 290.5;
 0, 871.9665843018346, 516.5;
 0, 0, 1]
R:
[0.70595431, 0.07108324, -0.70468122;
 -0.069577068, 0.99709862, 0.030877452;
 0.7048316, 0.027231583, 0.70885181]
Camera #2:
K:
[860.1481372499665, 0, 290.5;
 0, 860.1481372499665, 516.5;
 0, 0, 1]
R:
[0.85470235, 0.066191055, -0.51488113;
 -0.081775151, 0.99662167, -0.0076250276;
 0.51263696, 0.04862161, 0.85722762]
Camera #3:
K:
[857.621285603769, 0, 290.5;
 0, 857.621285603769, 516.5;
 0, 0, 1]
R:
[0.96348858, 0.044864338, -0.26396406;
 -0.044206351, 0.99898678, 0.0084351404;
 0.26407504, 0.0035417252, 0.9644956]
Camera #4:
K:
[824.4208284563382, 0, 290.5;
 0, 824.4208284563382, 516.5;
 0, 0, 1]
R:
[1, 1.6007107e-10, 0;
 1.6007107e-10, 1, 1.1641532e-10;
 0, 1.1641532e-10, 1]
Camera #5:
K:
[818.3099306237332, 0, 290.5;
 0, 818.3099306237332, 516.5;
 0, 0, 1]
R:
[0.93036598, -0.071952462, 0.35950243;
 0.065920003, 0.99740261, 0.02902858;
 -0.36065733, -0.0033088005, 0.93269253]
Camera #6:
K:
[810.1508663222229, 0, 290.5;
 0, 810.1508663222229, 516.5;
 0, 0, 1]
R:
[0.66485739, -0.15211181, 0.73131841;
 0.15034442, 0.98626077, 0.068457618;
 -0.73168385, 0.064435087, 0.67859185]
Camera #7:
K:
[795.948576025064, 0, 290.5;
 0, 795.948576025064, 516.5;
 0, 0, 1]
R:
[0.33746827, -0.17806166, 0.92434257;
 0.15813386, 0.97871566, 0.13080278;
 -0.9279595, 0.10202808, 0.35844308]
Camera #8:
K:
[775.9000527291172, 0, 290.5;
 0, 775.9000527291172, 516.5;
 0, 0, 1]
R:
[-0.011086702, -0.22521324, 0.97424644;
 0.16474472, 0.96058065, 0.22392893;
 -0.98627394, 0.16298458, 0.026453011]
Warping images (auxiliary)... 
Warping images, time: 0.109874 sec
Compositing...
Compositing image #1
Feather blender, sharpness: 0.00394689
Compositing image #2
Compositing image #3
Compositing image #4
Compositing image #5
Compositing image #6
Compositing image #7
Compositing image #8
Compositing, time: 9.83272 sec
Finished, total time: 15.4713 sec
