Finding features...
Features in image #1: 723
Features in image #2: 502
Features in image #3: 341
Features in image #4: 404
Features in image #5: 343
Features in image #6: 713
Features in image #7: 1469
Features in image #8: 1619
Finding features, time: 3.06342 sec
Pairwise matchingPairwise matching, time: 1.1448 sec
Initial camera intrinsics #1:
K:
[452.0825626215075, 0, 290.5;
 0, 452.0825626215075, 516.5;
 0, 0, 1]
R:
[0.66765517, 0.14222196, -1.4003056;
 -0.079687722, 1.0522345, 0.064949431;
 0.41083857, -0.099896774, 0.81290537]
Initial camera intrinsics #2:
K:
[452.0825626215075, 0, 290.5;
 0, 452.0825626215075, 516.5;
 0, 0, 1]
R:
[0.8783322, 0.13358518, -0.99264711;
 -0.088041507, 1.0127051, -0.015302282;
 0.23874807, -0.078150377, 0.92810893]
Initial camera intrinsics #3:
K:
[452.0825626215075, 0, 290.5;
 0, 452.0825626215075, 516.5;
 0, 0, 1]
R:
[0.94162959, 0.050253917, -0.49202454;
 -0.045861833, 1.0076549, 0.013629177;
 0.13915314, -0.032179438, 1]
Initial camera intrinsics #4:
K:
[452.0825626215075, 0, 290.5;
 0, 452.0825626215075, 516.5;
 0, 0, 1]
R:
[1, 0, 0;
 0, 1, 0;
 0, 0, 1]
Initial camera intrinsics #5:
K:
[452.0825626215075, 0, 290.5;
 0, 452.0825626215075, 516.5;
 0, 0, 1]
R:
[0.86161453, -0.061794885, 0.60446924;
 0.062770441, 0.93655467, 0.049435664;
 -0.18173458, -0.0084449658, 0.87238014]
Initial camera intrinsics #6:
K:
[452.0825626215075, 0, 290.5;
 0, 452.0825626215075, 516.5;
 0, 0, 1]
R:
[0.42832601, -0.1344986, 0.99945754;
 0.091297425, 0.78685725, 0.083885998;
 -0.40220961, 0.0042283125, 0.50892085]
Initial camera intrinsics #7:
K:
[452.0825626215075, 0, 290.5;
 0, 452.0825626215075, 516.5;
 0, 0, 1]
R:
[0.14013861, -0.14477822, 1.0997573;
 0.085485749, 0.7261771, 0.13933499;
 -0.45958778, 0.022893593, 0.18316722]
Initial camera intrinsics #8:
K:
[452.0825626215075, 0, 290.5;
 0, 452.0825626215075, 516.5;
 0, 0, 1]
R:
[-0.08280316, -0.16410656, 1.0407871;
 0.090933956, 0.69178897, 0.22744955;
 -0.45212093, 0.053010359, -0.09549512]
Camera #1:
K:
[889.0796234923114, 0, 290.5;
 0, 889.0796234923114, 516.5;
 0, 0, 1]
R:
[0.71499759, 0.075046793, -0.69508737;
 -0.072477266, 0.99682164, 0.033070952;
 0.69536, 0.026732383, 0.71816415]
Camera #2:
K:
[875.1289595817248, 0, 290.5;
 0, 875.1289595817248, 516.5;
 0, 0, 1]
R:
[0.85898685, 0.069879226, -0.5072065;
 -0.084373824, 0.99641842, -0.0056132218;
 0.50499761, 0.047616638, 0.86180621]
Camera #3:
K:
[873.8279674818492, 0, 290.5;
 0, 873.8279674818492, 516.5;
 0, 0, 1]
R:
[0.96441847, 0.049624406, -0.2596814;
 -0.048934359, 0.99876034, 0.0091253594;
 0.25981233, 0.0039066765, 0.96565121]
Camera #4:
K:
[836.3203335086595, 0, 290.5;
 0, 836.3203335086595, 516.5;
 0, 0, 1]
R:
[1, 1.3969839e-09, 0;
 1.6298145e-09, 1, 0;
 7.4505806e-09, 1.8626451e-09, 0.99999994]
Camera #5:
K:
[831.4020883529305, 0, 290.5;
 0, 831.4020883529305, 516.5;
 0, 0, 1]
R:
[0.93232596, -0.07190194, 0.35439852;
 0.066013336, 0.99740613, 0.028695084;
 -0.35554242, -0.0033581508, 0.93465412]
Camera #6:
K:
[822.6688431111164, 0, 290.5;
 0, 822.6688431111164, 516.5;
 0, 0, 1]
R:
[0.67376643, -0.15283038, 0.72296727;
 0.15105887, 0.98620397, 0.067698143;
 -0.72333944, 0.063597873, 0.68755746]
Camera #7:
K:
[806.7336300052797, 0, 290.5;
 0, 806.7336300052797, 516.5;
 0, 0, 1]
R:
[0.35350418, -0.17958665, 0.91803235;
 0.16051358, 0.97848767, 0.12960449;
 -0.9215585, 0.10154091, 0.37472558]
Camera #8:
K:
[783.1003415839723, 0, 290.5;
 0, 783.1003415839723, 516.5;
 0, 0, 1]
R:
[0.010424972, -0.22616476, 0.97403324;
 0.1680143, 0.96063387, 0.22125526;
 -0.9857294, 0.16134495, 0.048013508]
Warping images (auxiliary)... 
Warping images, time: 0.105824 sec
Compositing...
Compositing image #1
Multi-band blender, number of bands: 7
Compositing image #2
Compositing image #3
Compositing image #4
Compositing image #5
Compositing image #6
Compositing image #7
Compositing image #8
Compositing, time: 9.72679 sec
Finished, total time: 15.753 sec
