Finding features...
Features in image #1: 758
Features in image #2: 530
Features in image #3: 375
Features in image #4: 522
Features in image #5: 595
Features in image #6: 580
Features in image #7: 1380
Features in image #8: 1372
Finding features, time: 1.14629 sec
Pairwise matchingPairwise matching, time: 1.2758 sec
Initial camera intrinsics #1:
K:
[829.9492198604813, 0, 290.5;
 0, 829.9492198604813, 516.5;
 0, 0, 1]
R:
[0.65622479, 0.10415105, -0.75238538;
 -0.068633027, 1.0761774, 0.026973423;
 0.80056977, -0.12760763, 0.74028444]
Initial camera intrinsics #2:
K:
[829.9492198604813, 0, 290.5;
 0, 829.9492198604813, 516.5;
 0, 0, 1]
R:
[0.8253727, 0.11258339, -0.55074543;
 -0.080364823, 1.0483744, -0.01295357;
 0.64142895, -0.10469563, 0.90066838]
Initial camera intrinsics #3:
K:
[829.9492198604813, 0, 290.5;
 0, 829.9492198604813, 516.5;
 0, 0, 1]
R:
[0.96941364, 0.028101863, -0.2717953;
 -0.039213497, 1.0313565, 0.0064935167;
 0.34391814, 0.02235697, 1]
Initial camera intrinsics #4:
K:
[829.9492198604813, 0, 290.5;
 0, 829.9492198604813, 516.5;
 0, 0, 1]
R:
[1, 0, 0;
 0, 1, 0;
 0, 0, 1]
Initial camera intrinsics #5:
K:
[829.9492198604813, 0, 290.5;
 0, 829.9492198604813, 516.5;
 0, 0, 1]
R:
[0.93960911, -0.033975109, 0.35189775;
 0.094051227, 1.0043279, 0.033104941;
 -0.12471416, 0.063656375, 0.95316833]
Initial camera intrinsics #6:
K:
[829.9492198604813, 0, 290.5;
 0, 829.9492198604813, 516.5;
 0, 0, 1]
R:
[0.65175962, -0.093683727, 0.66504443;
 0.17385122, 0.91837811, 0.078874387;
 -0.42781276, 0.11626253, 0.74542773]
Initial camera intrinsics #7:
K:
[829.9492198604813, 0, 290.5;
 0, 829.9492198604813, 516.5;
 0, 0, 1]
R:
[0.40738228, -0.12570317, 0.82046163;
 0.19569974, 0.86696404, 0.14509922;
 -0.59552133, 0.13010688, 0.51872301]
Initial camera intrinsics #8:
K:
[829.9492198604813, 0, 290.5;
 0, 829.9492198604813, 516.5;
 0, 0, 1]
R:
[0.048694152, -0.22303718, 0.8289839;
 0.15430343, 0.74654406, 0.22871162;
 -0.69089198, 0.12195254, 0.2792964]
Camera #1:
K:
[920.3525924747131, 0, 290.5;
 0, 920.3525924747131, 516.5;
 0, 0, 1]
R:
[0.71566087, 0.038507577, -0.69738561;
 -0.034930296, 0.99920279, 0.019327374;
 0.6975739, 0.010528044, 0.71643543]
Camera #2:
K:
[885.4107331140276, 0, 290.5;
 0, 885.4107331140276, 516.5;
 0, 0, 1]
R:
[0.8543753, 0.053095821, -0.5169369;
 -0.068629168, 0.99758196, -0.010963883;
 0.51510471, 0.044844218, 0.85595328]
Camera #3:
K:
[851.5788895111967, 0, 290.5;
 0, 851.5788895111967, 516.5;
 0, 0, 1]
R:
[0.96350062, 0.038720779, -0.26489091;
 -0.038347911, 0.99924272, 0.006580912;
 0.26494515, 0.0038172991, 0.96425593]
Camera #4:
K:
[829.3965283587283, 0, 290.5;
 0, 829.3965283587283, 516.5;
 0, 0, 1]
R:
[1, -8.4764906e-10, 0;
 -8.3673513e-10, 1, 0;
 0, -8.7311491e-11, 1]
Camera #5:
K:
[819.4391471731799, 0, 290.5;
 0, 819.4391471731799, 516.5;
 0, 0, 1]
R:
[0.93164659, -0.059415068, 0.35847512;
 0.053794336, 0.99822271, 0.025642386;
 -0.35936153, -0.0046057072, 0.93318701]
Camera #6:
K:
[810.6927137773007, 0, 290.5;
 0, 810.6927137773007, 516.5;
 0, 0, 1]
R:
[0.66921073, -0.13655359, 0.73041779;
 0.13790274, 0.98871678, 0.058496431;
 -0.73016423, 0.061580155, 0.68049103]
Camera #7:
K:
[801.3478269472738, 0, 290.5;
 0, 801.3478269472738, 516.5;
 0, 0, 1]
R:
[0.34283221, -0.16578493, 0.9246521;
 0.15483956, 0.98081362, 0.1184447;
 -0.92654777, 0.10256605, 0.36192459]
Camera #8:
K:
[777.8758961710449, 0, 290.5;
 0, 777.8758961710449, 516.5;
 0, 0, 1]
R:
[-0.0034290105, -0.21272586, 0.97710598;
 0.16672908, 0.96331298, 0.21030809;
 -0.98599672, 0.16363311, 0.03216438]
Warping images (auxiliary)... 
Warping images, time: 0.104569 sec
Compositing...
Compositing image #1
Compositing image #2
Compositing image #3
Compositing image #4
Compositing image #5
Compositing image #6
Compositing image #7
Compositing image #8
Compositing, time: 8.69615 sec
Finished, total time: 12.7602 sec
