Finding features...
Features in image #1: 1520
Features in image #2: 1530
Features in image #3: 1522
Features in image #4: 1530
Features in image #5: 1530
Features in image #6: 1530
Features in image #7: 1530
Features in image #8: 1530
Features in image #9: 1530
Features in image #10: 1530
Features in image #11: 1530
Features in image #12: 1530
Features in image #13: 1530
Features in image #14: 1530
Features in image #15: 1530
Features in image #16: 1515
Features in image #17: 1522
Features in image #18: 1509
Features in image #19: 1521
Features in image #20: 1487
Features in image #21: 1314
Features in image #22: 1343
Features in image #23: 1336
Features in image #24: 1285
Features in image #25: 1319
Features in image #26: 1267
Finding features, time: 4.71552 sec
Pairwise matchingPairwise matching, time: 30.7594 sec
Initial camera intrinsics #1:
K:
[501.4852590479254, 0, 335.5;
 0, 501.4852590479254, 447;
 0, 0, 1]
R:
[-1.8723269, -0.10253379, -0.77060443;
 -0.083780505, 1.9317197, 0.084512889;
 0.36637965, 0.069031119, -1.8911144]
Initial camera intrinsics #2:
K:
[501.4852590479254, 0, 335.5;
 0, 501.4852590479254, 447;
 0, 0, 1]
R:
[-1.6326985, -0.11152469, -1.3151281;
 -0.10274272, 1.8882259, 0.07140471;
 0.69041032, 0.05606477, -1.6607552]
Initial camera intrinsics #3:
K:
[501.4852590479254, 0, 335.5;
 0, 501.4852590479254, 447;
 0, 0, 1]
R:
[-1.3291512, -0.087871209, -1.7031734;
 -0.10432924, 1.8454307, 0.058446784;
 0.94783163, 0.073131554, -1.3839371]
Initial camera intrinsics #4:
K:
[501.4852590479254, 0, 335.5;
 0, 501.4852590479254, 447;
 0, 0, 1]
R:
[-1.0207371, -0.10356081, -1.6447545;
 -0.074621625, 1.5817088, 0.017298451;
 0.96490204, 0.022695221, -0.92789263]
Initial camera intrinsics #5:
K:
[501.4852590479254, 0, 335.5;
 0, 501.4852590479254, 447;
 0, 0, 1]
R:
[-0.55360091, -0.090228148, -1.8784039;
 -0.067042023, 1.5109794, 0.0092169372;
 1.0508859, 0.023948096, -0.59208691]
Initial camera intrinsics #6:
K:
[501.4852590479254, 0, 335.5;
 0, 501.4852590479254, 447;
 0, 0, 1]
R:
[-0.18778586, -0.12125093, -1.9371389;
 -0.068070576, 1.4745482, -0.013758341;
 1.1108171, 0.026180331, -0.24388286]
Initial camera intrinsics #7:
K:
[501.4852590479254, 0, 335.5;
 0, 501.4852590479254, 447;
 0, 0, 1]
R:
[-0.052320533, -0.069461711, -1.697986;
 -0.055639025, 1.2673587, -0.029618381;
 0.9538036, 0.028275223, 0.03357216]
Initial camera intrinsics #8:
K:
[501.4852590479254, 0, 335.5;
 0, 501.4852590479254, 447;
 0, 0, 1]
R:
[0.2592935, -0.061563093, -1.6138816;
 -0.058911685, 1.2342384, -0.017773513;
 0.89855427, 0.035686862, 0.33134407]
Initial camera intrinsics #9:
K:
[501.4852590479254, 0, 335.5;
 0, 501.4852590479254, 447;
 0, 0, 1]
R:
[0.55577105, -0.049480975, -1.4353833;
 -0.041203275, 1.1979865, -0.037372522;
 0.7836116, 0.027568053, 0.58249974]
Initial camera intrinsics #10:
K:
[501.4852590479254, 0, 335.5;
 0, 501.4852590479254, 447;
 0, 0, 1]
R:
[0.71073848, -0.067333579, -1.1862937;
 -0.014282878, 1.1607715, -0.05677104;
 0.69542956, 0.0425377, 0.73036611]
Initial camera intrinsics #11:
K:
[501.4852590479254, 0, 335.5;
 0, 501.4852590479254, 447;
 0, 0, 1]
R:
[0.84427822, -0.044396158, -1.0003241;
 -0.016713515, 1.1234308, -0.056766715;
 0.54680288, 0.029694002, 0.8637076]
Initial camera intrinsics #12:
K:
[501.4852590479254, 0, 335.5;
 0, 501.4852590479254, 447;
 0, 0, 1]
R:
[0.93085998, -0.015386315, -0.71279788;
 -0.010564661, 1.0811657, -0.020574555;
 0.41256076, 0.020507246, 0.9412722]
Initial camera intrinsics #13:
K:
[501.4852590479254, 0, 335.5;
 0, 501.4852590479254, 447;
 0, 0, 1]
R:
[0.99317831, -0.01458093, -0.48064941;
 -0.0059584761, 1.0575577, -0.022298787;
 0.25925475, 0.014169122, 1]
Initial camera intrinsics #14:
K:
[501.4852590479254, 0, 335.5;
 0, 501.4852590479254, 447;
 0, 0, 1]
R:
[0.99624741, -0.0045289523, -0.20217843;
 0.001959054, 1.0095959, -0.0058313543;
 0.11455656, 0.00041156312, 1]
Initial camera intrinsics #15:
K:
[501.4852590479254, 0, 335.5;
 0, 501.4852590479254, 447;
 0, 0, 1]
R:
[1, 0, 0;
 0, 1, 0;
 0, 0, 1]
Initial camera intrinsics #16:
K:
[501.4852590479254, 0, 335.5;
 0, 501.4852590479254, 447;
 0, 0, 1]
R:
[0.95800644, 0.0022741065, 0.19809434;
 0.0074913856, 0.96847802, 0.012860259;
 -0.095876664, -0.0086290948, 0.95980597]
Initial camera intrinsics #17:
K:
[501.4852590479254, 0, 335.5;
 0, 501.4852590479254, 447;
 0, 0, 1]
R:
[0.91493756, -0.0085336789, 0.37851912;
 0.0047547445, 0.94745344, 0.026909387;
 -0.21764806, -0.028231394, 0.90916014]
Initial camera intrinsics #18:
K:
[501.4852590479254, 0, 335.5;
 0, 501.4852590479254, 447;
 0, 0, 1]
R:
[0.83361769, -0.0072641755, 0.55879223;
 0.014502842, 0.92870432, 0.032923616;
 -0.29398915, -0.015093476, 0.83233774]
Initial camera intrinsics #19:
K:
[501.4852590479254, 0, 335.5;
 0, 501.4852590479254, 447;
 0, 0, 1]
R:
[0.75753599, -0.016226592, 0.6852442;
 0.015254383, 0.90994149, 0.034025554;
 -0.40286404, -0.020239288, 0.74601138]
Initial camera intrinsics #20:
K:
[501.4852590479254, 0, 335.5;
 0, 501.4852590479254, 447;
 0, 0, 1]
R:
[0.6875121, 0.0072092363, 0.79811049;
 0.0033388787, 0.90330034, 0.036983963;
 -0.42446169, -0.015073817, 0.68455148]
Initial camera intrinsics #21:
K:
[501.4852590479254, 0, 335.5;
 0, 501.4852590479254, 447;
 0, 0, 1]
R:
[0.51738799, -0.019183792, 0.92958736;
 0.0032015578, 0.85325456, 0.042342633;
 -0.52373976, -0.039412964, 0.49819928]
Initial camera intrinsics #22:
K:
[501.4852590479254, 0, 335.5;
 0, 501.4852590479254, 447;
 0, 0, 1]
R:
[0.32250986, 0.042633452, 0.88528579;
 0.00025365278, 0.76004696, 0.042132631;
 -0.50705218, 0.024599969, 0.32010168]
Initial camera intrinsics #23:
K:
[501.4852590479254, 0, 335.5;
 0, 501.4852590479254, 447;
 0, 0, 1]
R:
[0.053895313, -0.029222555, 0.90946406;
 -0.023252759, 0.70333362, 0.04693177;
 -0.55084413, 0.0086673787, 0.066590175]
Initial camera intrinsics #24:
K:
[501.4852590479254, 0, 335.5;
 0, 501.4852590479254, 447;
 0, 0, 1]
R:
[-0.10449625, -0.057648879, 0.87064922;
 -0.016285261, 0.6817832, 0.056224886;
 -0.53661907, 0.02116625, -0.12569004]
Initial camera intrinsics #25:
K:
[501.4852590479254, 0, 335.5;
 0, 501.4852590479254, 447;
 0, 0, 1]
R:
[-0.26634568, -0.044542126, 0.75617695;
 -0.031099034, 0.65820277, 0.061349798;
 -0.47148323, 0.017858358, -0.3256326]
Camera #1:
K:
[684.2391016601811, 0, 335.5;
 0, 684.2391016601811, 447;
 0, 0, 1]
R:
[-0.97148865, -0.052350909, -0.23123409;
 -0.054503705, 0.99850917, 0.0029272093;
 0.23073614, 0.015446868, -0.97289371]
Camera #2:
K:
[681.8414770793396, 0, 335.5;
 0, 681.8414770793396, 447;
 0, 0, 1]
R:
[-0.88799828, -0.051023997, -0.45700711;
 -0.055787943, 0.99843788, -0.0030736681;
 0.45645007, 0.022766076, -0.8894577]
Camera #3:
K:
[678.7273564709291, 0, 335.5;
 0, 678.7273564709291, 447;
 0, 0, 1]
R:
[-0.77148491, -0.042112373, -0.63485247;
 -0.049042609, 0.99877447, -0.0066552912;
 0.63435465, 0.026000371, -0.77260476]
Camera #4:
K:
[675.7595911043555, 0, 335.5;
 0, 675.7595911043555, 447;
 0, 0, 1]
R:
[-0.622311, -0.043675974, -0.78155065;
 -0.046739906, 0.998734, -0.018596256;
 0.78137338, 0.024956949, -0.62356454]
Camera #5:
K:
[672.9183687261658, 0, 335.5;
 0, 672.9183687261658, 447;
 0, 0, 1]
R:
[-0.43373168, -0.035220262, -0.90035343;
 -0.032380484, 0.99919963, -0.023488142;
 0.90046, 0.018966328, -0.43452498]
Camera #6:
K:
[670.0589940806022, 0, 335.5;
 0, 670.0589940806022, 447;
 0, 0, 1]
R:
[-0.21401191, -0.037324879, -0.97611767;
 -0.028328551, 0.99908656, -0.03199219;
 0.97642016, 0.02080529, -0.21487376]
Camera #7:
K:
[668.821969447146, 0, 335.5;
 0, 668.821969447146, 447;
 0, 0, 1]
R:
[-0.025632691, -0.039873831, -0.99887592;
 -0.029078761, 0.99881107, -0.03912504;
 0.99924839, 0.028043196, -0.026761696]
Camera #8:
K:
[665.8623477850686, 0, 335.5;
 0, 665.8623477850686, 447;
 0, 0, 1]
R:
[0.2176404, -0.021602523, -0.9757899;
 -0.030352063, 0.99912173, -0.028888782;
 0.97555691, 0.035904601, 0.21679357]
Camera #9:
K:
[663.5084660794504, 0, 335.5;
 0, 663.5084660794504, 447;
 0, 0, 1]
R:
[0.44239816, -0.02714623, -0.89640784;
 -0.013975516, 0.99921173, -0.037156723;
 0.89670974, 0.028965823, 0.44167003]
Camera #10:
K:
[661.8428183571988, 0, 335.5;
 0, 661.8428183571988, 447;
 0, 0, 1]
R:
[0.62151724, -0.032398257, -0.78273022;
 -0.00097481953, 0.99911165, -0.042128623;
 0.78339982, 0.026946686, 0.62093353]
Camera #11:
K:
[659.861010715593, 0, 335.5;
 0, 659.861010715593, 447;
 0, 0, 1]
R:
[0.73982018, -0.031313047, -0.67207557;
 0.0010689562, 0.99896985, -0.045366861;
 0.6728037, 0.032844901, 0.73909152]
Camera #12:
K:
[657.3255999853166, 0, 335.5;
 0, 657.3255999853166, 447;
 0, 0, 1]
R:
[0.86342204, -0.0055504986, -0.50445169;
 -0.0032014097, 0.99985909, -0.016481033;
 0.50447208, 0.015845045, 0.86328256]
Camera #13:
K:
[656.1505274160323, 0, 335.5;
 0, 656.1505274160323, 447;
 0, 0, 1]
R:
[0.93759716, -0.0090170261, -0.34760651;
 0.0032236876, 0.99984616, -0.017241098;
 0.34770846, 0.015044631, 0.93748194]
Camera #14:
K:
[654.339564896811, 0, 335.5;
 0, 654.339564896811, 447;
 0, 0, 1]
R:
[0.9882021, -0.0051286756, -0.15306911;
 0.0045234053, 0.99998051, -0.0043022139;
 0.15308818, 0.0035590641, 0.98820609]
Camera #15:
K:
[652.958160723734, 0, 335.5;
 0, 652.958160723734, 447;
 0, 0, 1]
R:
[1, 1.5279511e-09, 0;
 -3.4924597e-10, 0.99999994, 9.3132257e-10;
 0, 0, 1]
Camera #16:
K:
[651.2659243518324, 0, 335.5;
 0, 651.2659243518324, 447;
 0, 0, 1]
R:
[0.98748797, -0.00096843234, 0.15769129;
 -0.00042496121, 0.99996114, 0.0088022538;
 -0.1576937, -0.0087591317, 0.98744917]
Camera #17:
K:
[649.411078826071, 0, 335.5;
 0, 649.411078826071, 447;
 0, 0, 1]
R:
[0.9523887, -0.0070036054, 0.30480602;
 0.00095290225, 0.99979961, 0.019995242;
 -0.304885, -0.018752791, 0.95220453]
Camera #18:
K:
[647.3488645179248, 0, 335.5;
 0, 647.3488645179248, 447;
 0, 0, 1]
R:
[0.88590592, -0.012274969, 0.46370265;
 0.0018086424, 0.99973357, 0.023009166;
 -0.46386155, -0.019545279, 0.885692]
Camera #19:
K:
[646.0565944985652, 0, 335.5;
 0, 646.0565944985652, 447;
 0, 0, 1]
R:
[0.81636184, -0.021634584, 0.57713532;
 0.0086798314, 0.99964482, 0.025195159;
 -0.57747543, -0.01555893, 0.81625974]
Camera #20:
K:
[645.8645665271121, 0, 335.5;
 0, 645.8645665271121, 447;
 0, 0, 1]
R:
[0.73439926, -0.0024028597, 0.67871344;
 -0.017153939, 0.99960858, 0.022100288;
 -0.67850089, -0.027873043, 0.7340706]
Camera #21:
K:
[642.658515446485, 0, 335.5;
 0, 642.658515446485, 447;
 0, 0, 1]
R:
[0.56564039, -0.015629128, 0.8245039;
 -0.013872809, 0.99949861, 0.028463561;
 -0.82453531, -0.027538324, 0.56513995]
Camera #22:
K:
[638.9286616217264, 0, 335.5;
 0, 638.9286616217264, 447;
 0, 0, 1]
R:
[0.396494, -0.022110555, 0.9177711;
 -0.013702363, 0.99945599, 0.02999815;
 -0.91793507, -0.024469715, 0.39597532]
Camera #23:
K:
[618.7658169692877, 0, 335.5;
 0, 618.7658169692877, 447;
 0, 0, 1]
R:
[0.04974106, -0.034937676, 0.99815083;
 -0.032040451, 0.99881774, 0.036557693;
 -0.99824804, -0.033799618, 0.048562832]
Camera #24:
K:
[618.0743874128243, 0, 335.5;
 0, 618.0743874128243, 447;
 0, 0, 1]
R:
[-0.23175797, -0.053310022, 0.97131163;
 -0.018210433, 0.99856001, 0.05046048;
 -0.97260296, -0.0059933853, -0.23239502]
Camera #25:
K:
[620.3747542852481, 0, 335.5;
 0, 620.3747542852481, 447;
 0, 0, 1]
R:
[-0.53657639, -0.069963485, 0.84094644;
 -0.037186552, 0.99754941, 0.059264898;
 -0.84303194, 0.00052824616, -0.53786314]
Warping images (auxiliary)... 
Warping images, time: 0.329993 sec
Compositing...
Compositing image #1
Compositing image #2
Compositing image #3
Compositing image #4
Compositing image #5
Compositing image #6
Compositing image #7
Compositing image #8
Compositing image #9
Compositing image #10
Compositing image #11
Compositing image #12
Compositing image #13
Compositing image #14
Compositing image #15
Compositing image #16
Compositing image #17
Compositing image #18
Compositing image #19
Compositing image #20
Compositing image #21
Compositing image #22
Compositing image #23
Compositing image #24
Compositing image #25
Compositing, time: 32.9764 sec
Finished, total time: 80.835 sec
