Finding features...
Features in image #1: 4713
Features in image #2: 4431
Features in image #3: 4707
Features in image #4: 4930
Features in image #5: 4594
Features in image #6: 4649
Features in image #7: 4676
Features in image #8: 4546
Features in image #9: 4771
Features in image #10: 4845
Features in image #11: 4647
Features in image #12: 4429
Features in image #13: 4452
Features in image #14: 4110
Features in image #15: 4088
Features in image #16: 3983
Features in image #17: 3994
Features in image #18: 4041
Features in image #19: 3839
Features in image #20: 3688
Features in image #21: 3079
Features in image #22: 2055
Features in image #23: 1590
Features in image #24: 2466
Features in image #25: 3024
Finding features, time: 23.5386 sec
Pairwise matchingPairwise matching, time: 58.5716 sec
Initial camera intrinsics #1:
K:
[556.6483063770098, 0, 335.5;
 0, 556.6483063770098, 447;
 0, 0, 1]
R:
[-0.72249538, -0.040714551, -1.2042257;
 -0.018977555, 1.2380711, -0.012279844;
 0.86306846, -0.0088550663, -0.68161708]
Initial camera intrinsics #2:
K:
[556.6483063770098, 0, 335.5;
 0, 556.6483063770098, 447;
 0, 0, 1]
R:
[-0.45631686, -0.042387232, -1.3419899;
 -0.017733851, 1.2089031, -0.0065084007;
 0.94962049, -0.0067817029, -0.39579532]
Initial camera intrinsics #3:
K:
[556.6483063770098, 0, 335.5;
 0, 556.6483063770098, 447;
 0, 0, 1]
R:
[-0.21019335, -0.035657797, -1.3975506;
 -0.0096750315, 1.1870521, 0.0010120622;
 0.98112971, -0.0093513969, -0.13794193]
Initial camera intrinsics #4:
K:
[556.6483063770098, 0, 335.5;
 0, 556.6483063770098, 447;
 0, 0, 1]
R:
[0.048967332, -0.021709351, -1.384885;
 -0.010238842, 1.1585095, -0.0038994385;
 0.96348113, -0.0041076378, 0.11043813]
Initial camera intrinsics #5:
K:
[556.6483063770098, 0, 335.5;
 0, 556.6483063770098, 447;
 0, 0, 1]
R:
[0.30778867, -0.019038716, -1.3001033;
 0.00074924191, 1.1289264, 0.0015208641;
 0.89596695, -0.01377954, 0.35742822]
Initial camera intrinsics #6:
K:
[556.6483063770098, 0, 335.5;
 0, 556.6483063770098, 447;
 0, 0, 1]
R:
[0.54501605, -0.017138436, -1.1449105;
 -0.0010320295, 1.0995322, -7.4605108e-05;
 0.7819472, -0.0087498194, 0.58006817]
Initial camera intrinsics #7:
K:
[556.6483063770098, 0, 335.5;
 0, 556.6483063770098, 447;
 0, 0, 1]
R:
[0.70449167, -0.018712113, -0.98225969;
 -0.0067449356, 1.0852355, -0.0036481824;
 0.66935569, 0.0009952531, 0.73457199]
Initial camera intrinsics #8:
K:
[556.6483063770098, 0, 335.5;
 0, 556.6483063770098, 447;
 0, 0, 1]
R:
[0.85904294, 0.0066957017, -0.72588849;
 -0.016208928, 1.0557359, 0.015517225;
 0.4916248, -0.0068763136, 0.8810482]
Initial camera intrinsics #9:
K:
[556.6483063770098, 0, 335.5;
 0, 556.6483063770098, 447;
 0, 0, 1]
R:
[0.95549458, -0.0023836563, -0.44920644;
 -0.0065558604, 1.0302802, 0.008390625;
 0.30144674, -0.0033598386, 0.96835119]
Initial camera intrinsics #10:
K:
[556.6483063770098, 0, 335.5;
 0, 556.6483063770098, 447;
 0, 0, 1]
R:
[0.99334997, -0.0047579748, -0.19414625;
 0.00040648988, 1.0077552, 0.0036404761;
 0.12315142, -0.0062978421, 1]
Initial camera intrinsics #11:
K:
[556.6483063770098, 0, 335.5;
 0, 556.6483063770098, 447;
 0, 0, 1]
R:
[1, 0, 0;
 0, 1, 0;
 0, 0, 1]
Initial camera intrinsics #12:
K:
[556.6483063770098, 0, 335.5;
 0, 556.6483063770098, 447;
 0, 0, 1]
R:
[0.9642781, 0.0091318516, 0.24136484;
 -0.0098392572, 0.98135507, 0.032550301;
 -0.16019905, -0.024383152, 0.9590854]
Initial camera intrinsics #13:
K:
[556.6483063770098, 0, 335.5;
 0, 556.6483063770098, 447;
 0, 0, 1]
R:
[0.90455109, 0.0059693977, 0.42782199;
 -0.0099899964, 0.96712905, 0.029066274;
 -0.29245836, -0.028892459, 0.89884007]
Initial camera intrinsics #14:
K:
[556.6483063770098, 0, 335.5;
 0, 556.6483063770098, 447;
 0, 0, 1]
R:
[0.80755848, 0.0020809046, 0.62164128;
 -0.013326372, 0.94936168, 0.039619047;
 -0.42175975, -0.040091515, 0.79705]
Initial camera intrinsics #15:
K:
[556.6483063770098, 0, 335.5;
 0, 556.6483063770098, 447;
 0, 0, 1]
R:
[0.72149694, 0.0052832854, 0.75257409;
 -0.020075271, 0.94150275, 0.040878687;
 -0.50844944, -0.044014443, 0.70457]
Initial camera intrinsics #16:
K:
[556.6483063770098, 0, 335.5;
 0, 556.6483063770098, 447;
 0, 0, 1]
R:
[0.6073271, -0.00060824479, 0.86581761;
 -0.024102638, 0.93033218, 0.046213422;
 -0.59065002, -0.049929541, 0.59390235]
Initial camera intrinsics #17:
K:
[556.6483063770098, 0, 335.5;
 0, 556.6483063770098, 447;
 0, 0, 1]
R:
[0.48851925, -0.010805659, 0.95251852;
 -0.025413102, 0.92072588, 0.053299684;
 -0.65396512, -0.053682469, 0.47697973]
Initial camera intrinsics #18:
K:
[556.6483063770098, 0, 335.5;
 0, 556.6483063770098, 447;
 0, 0, 1]
R:
[0.34814462, -0.016168183, 1.0233783;
 -0.027036518, 0.90986872, 0.050069988;
 -0.70151031, -0.050446574, 0.3339898]
Initial camera intrinsics #19:
K:
[556.6483063770098, 0, 335.5;
 0, 556.6483063770098, 447;
 0, 0, 1]
R:
[0.23155169, -0.0178438, 1.0593828;
 -0.021589458, 0.90345836, 0.047867127;
 -0.72929657, -0.042984642, 0.22046284]
Initial camera intrinsics #20:
K:
[556.6483063770098, 0, 335.5;
 0, 556.6483063770098, 447;
 0, 0, 1]
R:
[0.11579487, -0.012040184, 1.0770572;
 -0.045864765, 0.89698935, 0.039786737;
 -0.7414422, -0.05873169, 0.10745674]
Initial camera intrinsics #21:
K:
[556.6483063770098, 0, 335.5;
 0, 556.6483063770098, 447;
 0, 0, 1]
R:
[-0.070557453, -0.020850198, 1.0582745;
 -0.037423309, 0.88031363, 0.038565714;
 -0.72917914, -0.051746298, -0.08504875]
Initial camera intrinsics #22:
K:
[556.6483063770098, 0, 335.5;
 0, 556.6483063770098, 447;
 0, 0, 1]
R:
[-0.28794083, -0.060750656, 0.99369365;
 -0.040486708, 0.86342818, 0.033025429;
 -0.69035882, -0.047922272, -0.23948914]
Camera #1:
K:
[680.2378987495782, 0, 335.5;
 0, 680.2378987495782, 447;
 0, 0, 1]
R:
[-0.5678345, -0.029012004, -0.8226313;
 -0.014089987, 0.99957484, -0.02552649;
 0.82302219, -0.0029039611, -0.56800199]
Camera #2:
K:
[677.7752680721461, 0, 335.5;
 0, 677.7752680721461, 447;
 0, 0, 1]
R:
[-0.35325533, -0.023611572, -0.93522888;
 -0.010449404, 0.99971867, -0.021292778;
 0.93546861, 0.0022507985, -0.3534027]
Camera #3:
K:
[675.5300962507258, 0, 335.5;
 0, 675.5300962507258, 447;
 0, 0, 1]
R:
[-0.14678802, -0.015061972, -0.98905325;
 -0.0017243547, 0.99988645, -0.014971031;
 0.9891665, -0.00049208966, -0.14679734]
Camera #4:
K:
[672.9925595974275, 0, 335.5;
 0, 672.9925595974275, 447;
 0, 0, 1]
R:
[0.063206948, -0.016982563, -0.9978559;
 -0.0001777329, 0.99985504, -0.017027846;
 0.9980005, 0.0012536303, 0.063194774]
Camera #5:
K:
[671.8458229139792, 0, 335.5;
 0, 671.8458229139792, 447;
 0, 0, 1]
R:
[0.2839928, -0.014141327, -0.95872211;
 0.012860745, 0.99985749, -0.01093847;
 0.95874023, -0.0092234351, 0.28413424]
Camera #6:
K:
[669.0111554422388, 0, 335.5;
 0, 669.0111554422388, 447;
 0, 0, 1]
R:
[0.49785617, -0.014363403, -0.86714059;
 0.012180805, 0.99988002, -0.009568681;
 0.86717415, -0.0057986449, 0.49797142]
Camera #7:
K:
[667.4396212094772, 0, 335.5;
 0, 667.4396212094772, 447;
 0, 0, 1]
R:
[0.6529839, -0.011491581, -0.75728446;
 0.0064679272, 0.999933, -0.0095966021;
 0.75734413, 0.0013683659, 0.6530146]
Camera #8:
K:
[665.0953279982573, 0, 335.5;
 0, 665.0953279982573, 447;
 0, 0, 1]
R:
[0.81720275, 0.0082232943, -0.5762915;
 -0.0040348712, 0.9999553, 0.0085470965;
 0.57633615, -0.0046594488, 0.81719953]
Camera #9:
K:
[663.1659466901071, 0, 335.5;
 0, 663.1659466901071, 447;
 0, 0, 1]
R:
[0.93048406, 0.00057672092, -0.36633179;
 0.001391778, 0.99998599, 0.0051094121;
 0.36632967, -0.0052640797, 0.93047029]
Camera #10:
K:
[662.1045269014378, 0, 335.5;
 0, 662.1045269014378, 447;
 0, 0, 1]
R:
[0.98683941, -0.0043780534, -0.16164383;
 0.0048946589, 0.99998409, 0.0027978688;
 0.16162902, -0.0035522389, 0.9868452]
Camera #11:
K:
[660.2210382749296, 0, 335.5;
 0, 660.2210382749296, 447;
 0, 0, 1]
R:
[0.99999994, 8.1854523e-11, 2.3283064e-10;
 8.1854523e-11, 1, 0;
 2.3283064e-10, 2.3283064e-10, 1]
Camera #12:
K:
[658.5887774102733, 0, 335.5;
 0, 658.5887774102733, 447;
 0, 0, 1]
R:
[0.9782356, 0.0080273105, 0.20734188;
 -0.014034622, 0.99952281, 0.027518257;
 -0.20702204, -0.029829307, 0.97788149]
Camera #13:
K:
[656.8879473364943, 0, 335.5;
 0, 656.8879473364943, 447;
 0, 0, 1]
R:
[0.92792034, 0.0056007849, 0.3727363;
 -0.015702486, 0.99958694, 0.024071131;
 -0.37244755, -0.028188981, 0.92762506]
Camera #14:
K:
[655.3792536402708, 0, 335.5;
 0, 655.3792536402708, 447;
 0, 0, 1]
R:
[0.83475578, 0.0019695405, 0.55061668;
 -0.023620807, 0.99920112, 0.032235924;
 -0.55011338, -0.039915141, 0.83413553]
Camera #15:
K:
[653.9847785464085, 0, 335.5;
 0, 653.9847785464085, 447;
 0, 0, 1]
R:
[0.74084222, 0.0034487247, 0.67167014;
 -0.03371324, 0.99891734, 0.032056209;
 -0.67083246, -0.046392772, 0.74015647]
Camera #16:
K:
[652.4314256481611, 0, 335.5;
 0, 652.4314256481611, 447;
 0, 0, 1]
R:
[0.62603933, -0.0025834937, 0.77978724;
 -0.039753705, 0.99858844, 0.035224009;
 -0.77877754, -0.053051054, 0.62505299]
Camera #17:
K:
[651.0691341618345, 0, 335.5;
 0, 651.0691341618345, 447;
 0, 0, 1]
R:
[0.50174403, -0.013435277, 0.86491174;
 -0.042454835, 0.99829191, 0.040135648;
 -0.86397368, -0.056857511, 0.50031668]
Camera #18:
K:
[649.7621866666141, 0, 335.5;
 0, 649.7621866666141, 447;
 0, 0, 1]
R:
[0.34593213, -0.018090647, 0.93808502;
 -0.044036034, 0.99839932, 0.035492692;
 -0.93722564, -0.053587615, 0.34458172]
Camera #19:
K:
[648.4904149451146, 0, 335.5;
 0, 648.4904149451146, 447;
 0, 0, 1]
R:
[0.21852495, -0.022477262, 0.97557241;
 -0.038407534, 0.99876189, 0.031614706;
 -0.97507524, -0.044377938, 0.21739113]
Camera #20:
K:
[647.2347029449991, 0, 335.5;
 0, 647.2347029449991, 447;
 0, 0, 1]
R:
[0.090351395, -0.016516937, 0.99577302;
 -0.064607374, 0.99765915, 0.022410369;
 -0.99381214, -0.066359088, 0.089072786]
Camera #21:
K:
[643.4587875048908, 0, 335.5;
 0, 643.4587875048908, 447;
 0, 0, 1]
R:
[-0.13256058, -0.026042027, 0.99083269;
 -0.060046542, 0.99802965, 0.018197736;
 -0.98935449, -0.057083774, -0.13386315]
Camera #22:
K:
[640.5823812008965, 0, 335.5;
 0, 640.5823812008965, 447;
 0, 0, 1]
R:
[-0.32010844, -0.028630555, 0.94694817;
 -0.056743555, 0.99832815, 0.011002291;
 -0.94568008, -0.050211281, -0.3211979]
Warping images (auxiliary)... 
Warping images, time: 0.266698 sec
Compositing...
Compositing image #1
Feather blender, sharpness: 0.00329111
Compositing image #2
Compositing image #3
Compositing image #4
Compositing image #5
Compositing image #6
Compositing image #7
Compositing image #8
Compositing image #9
Compositing image #10
Compositing image #11
Compositing image #12
Compositing image #13
Compositing image #14
Compositing image #15
Compositing image #16
Compositing image #17
Compositing image #18
Compositing image #19
Compositing image #20
Compositing image #21
Compositing image #22
Compositing, time: 28.726 sec
Finished, total time: 136.866 sec
