Finding features...
Features in image #1: 4713
Features in image #2: 4431
Features in image #3: 4707
Features in image #4: 4930
Features in image #5: 4594
Features in image #6: 4649
Features in image #7: 4676
Features in image #8: 4546
Features in image #9: 4771
Features in image #10: 4845
Features in image #11: 4647
Features in image #12: 4429
Features in image #13: 4452
Features in image #14: 4110
Features in image #15: 4088
Features in image #16: 3983
Features in image #17: 3994
Features in image #18: 4041
Features in image #19: 3839
Features in image #20: 3688
Features in image #21: 3079
Features in image #22: 2055
Features in image #23: 1315
Features in image #24: 1590
Features in image #25: 2466
Features in image #26: 3024
Finding features, time: 30.8442 sec
Pairwise matchingPairwise matching, time: 72.3859 sec
Initial camera intrinsics #1:
K:
[522.7517713719875, 0, 335.5;
 0, 522.7517713719875, 447;
 0, 0, 1]
R:
[-0.95884037, -0.025838479, -1.0780821;
 -0.055916458, 1.2653041, 0.0027366637;
 0.6729905, -0.0051524183, -0.9135983]
Initial camera intrinsics #2:
K:
[522.7517713719875, 0, 335.5;
 0, 522.7517713719875, 447;
 0, 0, 1]
R:
[-0.70204484, -0.022517024, -1.3035687;
 -0.057671018, 1.2302737, -0.0029925893;
 0.80728674, 0.00041730981, -0.65457398]
Initial camera intrinsics #3:
K:
[522.7517713719875, 0, 335.5;
 0, 522.7517713719875, 447;
 0, 0, 1]
R:
[-0.45183834, -0.018699804, -1.4302721;
 -0.049489241, 1.2049816, -0.0054183109;
 0.88501281, -0.0024842883, -0.40677196]
Initial camera intrinsics #4:
K:
[522.7517713719875, 0, 335.5;
 0, 522.7517713719875, 447;
 0, 0, 1]
R:
[-0.18670763, -0.017674657, -1.4815062;
 -0.047833979, 1.1770065, -0.020630894;
 0.91712773, 0.0012827439, -0.15495352]
Initial camera intrinsics #5:
K:
[522.7517713719875, 0, 335.5;
 0, 522.7517713719875, 447;
 0, 0, 1]
R:
[0.072832815, -0.016862452, -1.4602354;
 -0.02828748, 1.151835, -0.024325887;
 0.90221828, -0.0063244663, 0.10934717]
Initial camera intrinsics #6:
K:
[522.7517713719875, 0, 335.5;
 0, 522.7517713719875, 447;
 0, 0, 1]
R:
[0.33176744, -0.018240275, -1.3596526;
 -0.023412764, 1.1229181, -0.033117495;
 0.83875221, -0.0012789186, 0.36356613]
Initial camera intrinsics #7:
K:
[522.7517713719875, 0, 335.5;
 0, 522.7517713719875, 447;
 0, 0, 1]
R:
[0.52471381, -0.016531097, -1.2309804;
 -0.024925847, 1.1052152, -0.041119874;
 0.75604218, 0.0071674744, 0.54891253]
Initial camera intrinsics #8:
K:
[522.7517713719875, 0, 335.5;
 0, 522.7517713719875, 447;
 0, 0, 1]
R:
[0.72744387, -0.0068544466, -1.0016496;
 -0.026086936, 1.0810951, -0.02341442;
 0.61947191, 0.0172606, 0.74475867]
Initial camera intrinsics #9:
K:
[522.7517713719875, 0, 335.5;
 0, 522.7517713719875, 447;
 0, 0, 1]
R:
[0.87144113, -0.012812397, -0.73256129;
 -0.0092693968, 1.0521134, -0.031779684;
 0.45388898, 0.015142804, 0.88479888]
Initial camera intrinsics #10:
K:
[522.7517713719875, 0, 335.5;
 0, 522.7517713719875, 447;
 0, 0, 1]
R:
[0.95606959, -0.021645388, -0.47171843;
 0.0037814283, 1.0346699, -0.035989366;
 0.29847404, 0.021958141, 0.96608555]
Initial camera intrinsics #11:
K:
[522.7517713719875, 0, 335.5;
 0, 522.7517713719875, 447;
 0, 0, 1]
R:
[0.99683571, -0.01657982, -0.26623055;
 0.005437348, 1.0213832, -0.03828549;
 0.16500072, 0.026804309, 1]
Initial camera intrinsics #12:
K:
[522.7517713719875, 0, 335.5;
 0, 522.7517713719875, 447;
 0, 0, 1]
R:
[1, 0, 0;
 0, 1, 0;
 0, 0, 1]
Initial camera intrinsics #13:
K:
[522.7517713719875, 0, 335.5;
 0, 522.7517713719875, 447;
 0, 0, 1]
R:
[0.97797018, -0.00046313033, 0.2145893;
 0.0063121533, 0.99053776, -0.00042646029;
 -0.12599207, 0.005706714, 0.9723441]
Initial camera intrinsics #14:
K:
[522.7517713719875, 0, 335.5;
 0, 522.7517713719875, 447;
 0, 0, 1]
R:
[0.91016686, -0.0014202954, 0.44705802;
 0.0059718206, 0.97103286, 0.016282691;
 -0.2720536, -0.0074280459, 0.90273517]
Initial camera intrinsics #15:
K:
[522.7517713719875, 0, 335.5;
 0, 522.7517713719875, 447;
 0, 0, 1]
R:
[0.84256971, 0.0011265388, 0.61040848;
 0.0024390188, 0.96051204, 0.022396116;
 -0.3657473, -0.013303782, 0.83175188]
Initial camera intrinsics #16:
K:
[522.7517713719875, 0, 335.5;
 0, 522.7517713719875, 447;
 0, 0, 1]
R:
[0.74834067, -0.0034967412, 0.7588858;
 0.0012581495, 0.94967383, 0.033332933;
 -0.46147081, -0.021737831, 0.73992318]
Initial camera intrinsics #17:
K:
[522.7517713719875, 0, 335.5;
 0, 522.7517713719875, 447;
 0, 0, 1]
R:
[0.64697742, -0.0094497539, 0.88135368;
 0.0013859102, 0.93993616, 0.046498783;
 -0.53865349, -0.024151478, 0.63752061]
Initial camera intrinsics #18:
K:
[522.7517713719875, 0, 335.5;
 0, 522.7517713719875, 447;
 0, 0, 1]
R:
[0.51505953, -0.01224861, 0.9927386;
 0.0010120922, 0.92823982, 0.049396344;
 -0.60764474, -0.021608496, 0.50600952]
Initial camera intrinsics #19:
K:
[522.7517713719875, 0, 335.5;
 0, 522.7517713719875, 447;
 0, 0, 1]
R:
[0.40790373, -0.021894857, 1.0603807;
 0.0075555928, 0.9221397, 0.051298432;
 -0.65200675, -0.018569244, 0.39785039]
Initial camera intrinsics #20:
K:
[522.7517713719875, 0, 335.5;
 0, 522.7517713719875, 447;
 0, 0, 1]
R:
[0.29083905, -0.011260069, 1.1076069;
 -0.017546821, 0.9164933, 0.047369439;
 -0.68326563, -0.033206429, 0.28697267]
Initial camera intrinsics #21:
K:
[522.7517713719875, 0, 335.5;
 0, 522.7517713719875, 447;
 0, 0, 1]
R:
[0.092875838, -0.017625023, 1.1333908;
 -0.012151216, 0.90018749, 0.053629596;
 -0.70388412, -0.027777381, 0.089831963]
Initial camera intrinsics #22:
K:
[522.7517713719875, 0, 335.5;
 0, 522.7517713719875, 447;
 0, 0, 1]
R:
[-0.10177788, -0.013900199, 1.1090285;
 -0.015940024, 0.89055008, 0.053484168;
 -0.70012331, -0.025065416, -0.0774647]
Initial camera intrinsics #23:
K:
[522.7517713719875, 0, 335.5;
 0, 522.7517713719875, 447;
 0, 0, 1]
R:
[-0.38248536, 0.019071719, 0.94238728;
 -0.036702696, 0.84918869, 0.054461669;
 -0.6357646, -0.038958251, -0.35586941]
Camera #1:
K:
[679.586586263282, 0, 335.5;
 0, 679.586586263282, 447;
 0, 0, 1]
R:
[-0.72748834, -0.040703669, -0.68491155;
 -0.042493805, 0.9989953, -0.014233984;
 0.68480283, 0.018749444, -0.72848719]
Camera #2:
K:
[677.5775786785618, 0, 335.5;
 0, 677.5775786785618, 447;
 0, 0, 1]
R:
[-0.54114187, -0.036361326, -0.84014481;
 -0.040782414, 0.99902385, -0.016969409;
 0.83994186, 0.025080277, -0.54209656]
Camera #3:
K:
[675.1639666198802, 0, 335.5;
 0, 675.1639666198802, 447;
 0, 0, 1]
R:
[-0.35058674, -0.027443048, -0.93612802;
 -0.032195117, 0.9993329, -0.017238623;
 0.9359768, 0.024095122, -0.35123643]
Camera #4:
K:
[673.0726894829445, 0, 335.5;
 0, 673.0726894829445, 447;
 0, 0, 1]
R:
[-0.14699095, -0.029462429, -0.98869896;
 -0.02928436, 0.99924773, -0.025423037;
 0.98870426, 0.025216462, -0.14774317]
Camera #5:
K:
[670.9647075664465, 0, 335.5;
 0, 670.9647075664465, 447;
 0, 0, 1]
R:
[0.07692413, -0.024818672, -0.99672794;
 -0.013684036, 0.99956965, -0.025945518;
 0.99694306, 0.015635097, 0.076551408]
Camera #6:
K:
[668.1878188704528, 0, 335.5;
 0, 668.1878188704528, 447;
 0, 0, 1]
R:
[0.30543759, -0.025656521, -0.95186639;
 -0.010471862, 0.99948597, -0.030300295;
 0.95215458, 0.019222666, 0.3050119]
Camera #7:
K:
[666.794925706597, 0, 335.5;
 0, 666.794925706597, 447;
 0, 0, 1]
R:
[0.48024428, -0.024193706, -0.87680107;
 -0.012118662, 0.99934107, -0.034212645;
 0.87705112, 0.027056079, 0.47963467]
Camera #8:
K:
[664.2099464416821, 0, 335.5;
 0, 664.2099464416821, 447;
 0, 0, 1]
R:
[0.6789909, -0.0038050993, -0.73413676;
 -0.015903398, 0.99967563, -0.019890198;
 0.7339744, 0.025180535, 0.67871016]
Camera #9:
K:
[662.304987841486, 0, 335.5;
 0, 662.304987841486, 447;
 0, 0, 1]
R:
[0.83374238, -0.011512464, -0.55203354;
 -0.0028573046, 0.99967921, -0.025163373;
 0.55214626, 0.022557102, 0.83344215]
Camera #10:
K:
[660.8125326802783, 0, 335.5;
 0, 660.8125326802783, 447;
 0, 0, 1]
R:
[0.93163508, -0.017584093, -0.36296952;
 0.0079737836, 0.99957722, -0.027958276;
 0.36330774, 0.023152668, 0.93138146]
Camera #11:
K:
[659.1641070995123, 0, 335.5;
 0, 659.1641070995123, 447;
 0, 0, 1]
R:
[0.9781757, -0.013738674, -0.20732456;
 0.0077095581, 0.9995243, -0.029860601;
 0.20763619, 0.02761054, 0.9778164]
Camera #12:
K:
[657.5282553666684, 0, 335.5;
 0, 657.5282553666684, 447;
 0, 0, 1]
R:
[1, 1.0095391e-10, 0;
 -1.3187673e-10, 1, 0;
 -1.1641532e-10, 0, 1]
Camera #13:
K:
[656.0995445578142, 0, 335.5;
 0, 656.0995445578142, 447;
 0, 0, 1]
R:
[0.98500913, -0.0023398821, 0.17248638;
 0.0024900364, 0.99999666, -0.00065416284;
 -0.17248429, 0.001073855, 0.98501176]
Camera #14:
K:
[654.4255480192531, 0, 335.5;
 0, 654.4255480192531, 447;
 0, 0, 1]
R:
[0.93058985, -0.0038746828, 0.36604315;
 -0.00046909205, 0.9999305, 0.011777153;
 -0.36606336, -0.011131406, 0.9305234]
Camera #15:
K:
[653.320560804296, 0, 335.5;
 0, 653.320560804296, 447;
 0, 0, 1]
R:
[0.86376697, -0.00069492415, 0.50389099;
 -0.0080646314, 0.99985188, 0.015203256;
 -0.50382692, -0.017195767, 0.86363351]
Camera #16:
K:
[652.2154119053693, 0, 335.5;
 0, 652.2154119053693, 447;
 0, 0, 1]
R:
[0.77371716, -0.0054758005, 0.63350749;
 -0.011594839, 0.99967271, 0.022801839;
 -0.633425, -0.024987593, 0.77340049]
Camera #17:
K:
[650.5624252550961, 0, 335.5;
 0, 650.5624252550961, 447;
 0, 0, 1]
R:
[0.66954517, -0.015231823, 0.74261516;
 -0.01273868, 0.99940717, 0.03198415;
 -0.74266207, -0.030874772, 0.66895425]
Camera #18:
K:
[649.203946394583, 0, 335.5;
 0, 649.203946394583, 447;
 0, 0, 1]
R:
[0.53214592, -0.020225808, 0.84641099;
 -0.013637589, 0.99938011, 0.032455221;
 -0.84654284, -0.028813921, 0.53154027]
Camera #19:
K:
[647.7099979067253, 0, 335.5;
 0, 647.7099979067253, 447;
 0, 0, 1]
R:
[0.41515842, -0.026302677, 0.90936881;
 -0.0081513012, 0.99943429, 0.032629091;
 -0.90971261, -0.020958783, 0.41470918]
Camera #20:
K:
[646.9317284261548, 0, 335.5;
 0, 646.9317284261548, 447;
 0, 0, 1]
R:
[0.29393986, -0.015758853, 0.95569402;
 -0.034966141, 0.99901748, 0.027227664;
 -0.95518416, -0.041420225, 0.29310009]
Camera #21:
K:
[643.1543918131516, 0, 335.5;
 0, 643.1543918131516, 447;
 0, 0, 1]
R:
[0.074515179, -0.027576525, 0.99683851;
 -0.03112668, 0.99906617, 0.029964916;
 -0.99673402, -0.033261117, 0.073587231]
Camera #22:
K:
[639.202656288752, 0, 335.5;
 0, 639.202656288752, 447;
 0, 0, 1]
R:
[-0.11879008, -0.031362332, 0.99242395;
 -0.030074961, 0.999156, 0.027975203;
 -0.99246383, -0.026523937, -0.11963306]
Camera #23:
K:
[616.8604442709645, 0, 335.5;
 0, 616.8604442709645, 447;
 0, 0, 1]
R:
[-0.45789921, -0.046644729, 0.88777953;
 -0.048475932, 0.99844688, 0.027456358;
 -0.88768148, -0.030463696, -0.45944926]
Warping images (auxiliary)... 
Warping images, time: 0.281919 sec
Compositing...
Compositing image #1
Multi-band blender, number of bands: 8
Compositing image #2
Compositing image #3
Compositing image #4
Compositing image #5
Compositing image #6
Compositing image #7
Compositing image #8
Compositing image #9
Compositing image #10
Compositing image #11
Compositing image #12
Compositing image #13
Compositing image #14
Compositing image #15
Compositing image #16
Compositing image #17
Compositing image #18
Compositing image #19
Compositing image #20
Compositing image #21
Compositing image #22
Compositing image #23
Compositing, time: 32.0963 sec
Finished, total time: 170.532 sec
