Finding features...
Features in image #1: 1465
Features in image #2: 1514
Features in image #3: 1526
Features in image #4: 1527
Features in image #5: 1530
Features in image #6: 1525
Features in image #7: 1522
Features in image #8: 1530
Features in image #9: 1514
Features in image #10: 1530
Features in image #11: 1530
Features in image #12: 1491
Features in image #13: 1493
Features in image #14: 1495
Features in image #15: 1496
Finding features, time: 2.67138 sec
Pairwise matchingPairwise matching, time: 11.5303 sec
Initial camera intrinsics #1:
K:
[570.3150858921688, 0, 335.5;
 0, 570.3150858921688, 447;
 0, 0, 1]
R:
[0.48540387, -0.017989906, 1.5501213;
 0.1071279, 1.302424, 0.067786261;
 -1.0151125, 0.069877401, 0.38883033]
Initial camera intrinsics #2:
K:
[570.3150858921688, 0, 335.5;
 0, 570.3150858921688, 447;
 0, 0, 1]
R:
[0.54584253, -0.0049538659, 1.5186099;
 0.078973234, 1.3034189, 0.058446318;
 -0.99711168, 0.04542708, 0.44626009]
Initial camera intrinsics #3:
K:
[570.3150858921688, 0, 335.5;
 0, 570.3150858921688, 447;
 0, 0, 1]
R:
[0.77145112, 0.0083149876, 1.3456564;
 0.064899445, 1.2774316, 0.040740706;
 -0.8844505, 0.033423301, 0.64444095]
Initial camera intrinsics #4:
K:
[570.3150858921688, 0, 335.5;
 0, 570.3150858921688, 447;
 0, 0, 1]
R:
[0.88859892, 0.024365541, 1.1023289;
 0.056898579, 1.2141088, -0.0019024427;
 -0.73518783, 0.042377926, 0.78893501]
Initial camera intrinsics #5:
K:
[570.3150858921688, 0, 335.5;
 0, 570.3150858921688, 447;
 0, 0, 1]
R:
[0.91747862, -0.0087039741, 0.7833097;
 0.01818821, 1.1093498, 0.047799181;
 -0.56485134, 0.0076866862, 0.89896041]
Initial camera intrinsics #6:
K:
[570.3150858921688, 0, 335.5;
 0, 570.3150858921688, 447;
 0, 0, 1]
R:
[1.0064758, -0.0036924402, 0.54675907;
 0.013545964, 1.0856774, 0.046825945;
 -0.38932779, -0.0032885009, 0.99045396]
Initial camera intrinsics #7:
K:
[570.3150858921688, 0, 335.5;
 0, 570.3150858921688, 447;
 0, 0, 1]
R:
[1.0070088, -0.0019856761, 0.29060104;
 0.012994152, 1.0210608, 0.011942077;
 -0.20642324, -0.0010107261, 1]
Initial camera intrinsics #8:
K:
[570.3150858921688, 0, 335.5;
 0, 570.3150858921688, 447;
 0, 0, 1]
R:
[1, 0, 0;
 0, 1, 0;
 0, 0, 1]
Initial camera intrinsics #9:
K:
[570.3150858921688, 0, 335.5;
 0, 570.3150858921688, 447;
 0, 0, 1]
R:
[0.90327662, -0.0022017204, -0.32762146;
 0.0040423791, 0.94952476, 0.010446257;
 0.25889397, -0.0027894329, 0.90607125]
Initial camera intrinsics #10:
K:
[570.3150858921688, 0, 335.5;
 0, 570.3150858921688, 447;
 0, 0, 1]
R:
[0.72979581, 0.052185606, -0.58224678;
 -0.020687813, 0.89809519, 0.066504084;
 0.45790192, -0.032258969, 0.74278039]
Initial camera intrinsics #11:
K:
[570.3150858921688, 0, 335.5;
 0, 570.3150858921688, 447;
 0, 0, 1]
R:
[0.73986703, 0.045066204, -0.5694651;
 -0.017466839, 0.90552336, 0.048291687;
 0.45116296, -0.02870935, 0.75168461]
Initial camera intrinsics #12:
K:
[570.3150858921688, 0, 335.5;
 0, 570.3150858921688, 447;
 0, 0, 1]
R:
[0.58818817, 0.052183572, -0.73638624;
 -0.0218275, 0.8728379, 0.054913979;
 0.56739986, -0.012027847, 0.59532279]
Initial camera intrinsics #13:
K:
[570.3150858921688, 0, 335.5;
 0, 570.3150858921688, 447;
 0, 0, 1]
R:
[0.44491294, 0.043199599, -0.74029541;
 -0.0077411174, 0.74694294, 0.049907021;
 0.51275486, -0.025735242, 0.42721066]
Initial camera intrinsics #14:
K:
[570.3150858921688, 0, 335.5;
 0, 570.3150858921688, 447;
 0, 0, 1]
R:
[0.19529153, 0.07828591, -0.81257433;
 -0.0091718249, 0.70481747, 0.08639501;
 0.56783485, -0.020894071, 0.20780562]
Initial camera intrinsics #15:
K:
[570.3150858921688, 0, 335.5;
 0, 570.3150858921688, 447;
 0, 0, 1]
R:
[0.19646737, 0.070976265, -0.81270897;
 -0.011258352, 0.707178, 0.081411123;
 0.56858975, -0.019425984, 0.20899379]
Camera #1:
K:
[656.5440702580302, 0, 335.5;
 0, 656.5440702580302, 447;
 0, 0, 1]
R:
[0.25936878, -0.024226103, 0.96547443;
 0.040343303, 0.99908447, 0.014231483;
 -0.96493536, 0.035259228, 0.26010871]
Camera #2:
K:
[656.9217899569946, 0, 335.5;
 0, 656.9217899569946, 447;
 0, 0, 1]
R:
[0.30756864, -0.015037778, 0.95140702;
 0.017040078, 0.99980175, 0.010294021;
 -0.95137334, 0.013045931, 0.3077639]
Camera #3:
K:
[658.8693619918288, 0, 335.5;
 0, 658.8693619918288, 447;
 0, 0, 1]
R:
[0.48336893, -0.008613199, 0.87537438;
 0.004357039, 0.99996287, 0.0074331877;
 -0.87540597, 0.00022106804, 0.48338851]
Camera #4:
K:
[660.5040891725157, 0, 335.5;
 0, 660.5040891725157, 447;
 0, 0, 1]
R:
[0.64157802, 0.0082782889, 0.76701307;
 0.0019661784, 0.99992073, -0.012436673;
 -0.76705527, 0.009487181, 0.64151084]
Camera #5:
K:
[661.2326927589367, 0, 335.5;
 0, 661.2326927589367, 447;
 0, 0, 1]
R:
[0.80073464, -0.021150028, 0.59864575;
 0.004526264, 0.99956161, 0.029260073;
 -0.59900218, -0.020719923, 0.80047929]
Camera #6:
K:
[661.665266671065, 0, 335.5;
 0, 661.665266671065, 447;
 0, 0, 1]
R:
[0.90372646, -0.013264424, 0.4279049;
 -0.00053492864, 0.99948412, 0.032112308;
 -0.42811006, -0.029249636, 0.90325314]
Camera #7:
K:
[660.0397239792964, 0, 335.5;
 0, 660.0397239792964, 447;
 0, 0, 1]
R:
[0.97019613, -0.0039655077, 0.24228851;
 0.0022894964, 0.99997151, 0.0071985838;
 -0.24231014, -0.0064293193, 0.97017753]
Camera #8:
K:
[659.963284064658, 0, 335.5;
 0, 659.963284064658, 447;
 0, 0, 1]
R:
[0.99999994, -7.2759576e-11, 1.8626451e-09;
 -3.3469405e-10, 1, 0;
 0, 0, 1]
Camera #9:
K:
[659.1230235163542, 0, 335.5;
 0, 659.1230235163542, 447;
 0, 0, 1]
R:
[0.95433545, -0.0033020892, -0.29871896;
 0.0063329083, 0.99993777, 0.0091786422;
 0.29867008, -0.010651262, 0.95429701]
Camera #10:
K:
[665.501158328805, 0, 335.5;
 0, 665.501158328805, 447;
 0, 0, 1]
R:
[0.82711613, 0.052516442, -0.55957204;
 -0.021082472, 0.99782324, 0.062484309;
 0.56163543, -0.039884619, 0.82642287]
Camera #11:
K:
[662.9973833049414, 0, 335.5;
 0, 662.9973833049414, 447;
 0, 0, 1]
R:
[0.83606988, 0.03844903, -0.54727387;
 -0.016567275, 0.99885571, 0.04486534;
 0.54837269, -0.028443724, 0.83575016]
Camera #12:
K:
[669.652418762108, 0, 335.5;
 0, 669.652418762108, 447;
 0, 0, 1]
R:
[0.68512738, 0.058171559, -0.72609681;
 -0.02822423, 0.99817765, 0.05333773;
 0.72787625, -0.016049618, 0.68552065]
Camera #13:
K:
[672.1920428440853, 0, 335.5;
 0, 672.1920428440853, 447;
 0, 0, 1]
R:
[0.55528295, 0.047011849, -0.83033162;
 -0.0038703391, 0.99853629, 0.053947005;
 0.83165246, -0.026742188, 0.55465215]
Camera #14:
K:
[677.00648581679, 0, 335.5;
 0, 677.00648581679, 447;
 0, 0, 1]
R:
[0.27224442, 0.098079607, -0.9572165;
 -0.010228053, 0.9950304, 0.099045165;
 0.96217382, -0.017174032, 0.2718946]
Camera #15:
K:
[676.407436417878, 0, 335.5;
 0, 676.407436417878, 447;
 0, 0, 1]
R:
[0.27346477, 0.092609875, -0.95741343;
 -0.011908801, 0.99560398, 0.092902526;
 0.96180832, -0.014003922, 0.2733655]
Warping images (auxiliary)... 
Warping images, time: 0.233634 sec
Compositing...
Compositing image #1
Compositing image #2
Compositing image #3
Compositing image #4
Compositing image #5
Compositing image #6
Compositing image #7
Compositing image #8
Compositing image #9
Compositing image #10
Compositing image #11
Compositing image #12
Compositing image #13
Compositing image #14
Compositing image #15
Compositing, time: 17.1865 sec
Finished, total time: 36.8438 sec
