Finding features...
Features in image #1: 4217
Features in image #2: 4353
Features in image #3: 5059
Features in image #4: 5441
Features in image #5: 5944
Features in image #6: 5857
Features in image #7: 5516
Features in image #8: 5373
Features in image #9: 5320
Features in image #10: 5956
Features in image #11: 5770
Features in image #12: 5075
Features in image #13: 5263
Features in image #14: 5372
Features in image #15: 5428
Finding features, time: 15.846 sec
Pairwise matchingPairwise matching, time: 25.3445 sec
Initial camera intrinsics #1:
K:
[601.5671406322704, 0, 335.5;
 0, 601.5671406322704, 447;
 0, 0, 1]
R:
[0.33352065, -0.02732767, 1.2412635;
 0.050323769, 1.1404246, 0.024203006;
 -0.98448575, 0.061551105, 0.32402432]
Initial camera intrinsics #2:
K:
[601.5671406322704, 0, 335.5;
 0, 601.5671406322704, 447;
 0, 0, 1]
R:
[0.38725457, -0.014896838, 1.2201915;
 0.02415427, 1.1410193, 0.018888403;
 -0.96845651, 0.039714999, 0.37671345]
Initial camera intrinsics #3:
K:
[601.5671406322704, 0, 335.5;
 0, 601.5671406322704, 447;
 0, 0, 1]
R:
[0.57657099, 0.0020385636, 1.0964569;
 0.0091797533, 1.1198665, 0.014331313;
 -0.86931491, 0.02520436, 0.56320679]
Initial camera intrinsics #4:
K:
[601.5671406322704, 0, 335.5;
 0, 601.5671406322704, 447;
 0, 0, 1]
R:
[0.73240799, 0.01870821, 0.93904281;
 0.0069178413, 1.098233, -0.011384253;
 -0.7388615, 0.031685792, 0.72089225]
Initial camera intrinsics #5:
K:
[601.5671406322704, 0, 335.5;
 0, 601.5671406322704, 447;
 0, 0, 1]
R:
[0.87245011, -0.012795909, 0.71013558;
 0.0089040566, 1.0648791, 0.036706451;
 -0.5575403, -0.0021234213, 0.86668801]
Initial camera intrinsics #6:
K:
[601.5671406322704, 0, 335.5;
 0, 601.5671406322704, 447;
 0, 0, 1]
R:
[0.95711249, -0.0053274645, 0.49531314;
 0.0021102722, 1.043979, 0.037773874;
 -0.38304439, -0.017032666, 0.95263344]
Initial camera intrinsics #7:
K:
[601.5671406322704, 0, 335.5;
 0, 601.5671406322704, 447;
 0, 0, 1]
R:
[0.99930054, 0.00095253211, 0.27392805;
 0.0028103406, 1.02553, 0.0080814026;
 -0.21329239, -0.0042169169, 1]
Initial camera intrinsics #8:
K:
[601.5671406322704, 0, 335.5;
 0, 601.5671406322704, 447;
 0, 0, 1]
R:
[1, 0, 0;
 0, 1, 0;
 0, 0, 1]
Initial camera intrinsics #9:
K:
[601.5671406322704, 0, 335.5;
 0, 601.5671406322704, 447;
 0, 0, 1]
R:
[0.9060511, -0.0091089644, -0.31164056;
 0.0040129093, 0.9559204, 0.0099178478;
 0.25428519, -0.011059013, 0.9124369]
Initial camera intrinsics #10:
K:
[601.5671406322704, 0, 335.5;
 0, 601.5671406322704, 447;
 0, 0, 1]
R:
[0.74448055, 0.045515563, -0.56113726;
 -0.020027155, 0.90797549, 0.064120971;
 0.46045265, -0.037890207, 0.76249272]
Initial camera intrinsics #11:
K:
[601.5671406322704, 0, 335.5;
 0, 601.5671406322704, 447;
 0, 0, 1]
R:
[0.75733864, 0.030484525, -0.5487197;
 -0.018212831, 0.91439772, 0.046243854;
 0.44847634, -0.023690183, 0.77064788]
Initial camera intrinsics #12:
K:
[601.5671406322704, 0, 335.5;
 0, 601.5671406322704, 447;
 0, 0, 1]
R:
[0.59731907, 0.044353168, -0.70931435;
 -0.01878972, 0.88225108, 0.052299704;
 0.58351344, -0.015270296, 0.61883342]
Initial camera intrinsics #13:
K:
[601.5671406322704, 0, 335.5;
 0, 601.5671406322704, 447;
 0, 0, 1]
R:
[0.46363443, 0.026668396, -0.79672033;
 0.0031142521, 0.86590499, 0.05159796;
 0.66147149, -0.01185899, 0.49413714]
Initial camera intrinsics #14:
K:
[601.5671406322704, 0, 335.5;
 0, 601.5671406322704, 447;
 0, 0, 1]
R:
[0.20776686, 0.05387523, -0.86974186;
 -0.0034594268, 0.8319754, 0.089494422;
 0.72264975, -0.0028298725, 0.23177792]
Initial camera intrinsics #15:
K:
[601.5671406322704, 0, 335.5;
 0, 601.5671406322704, 447;
 0, 0, 1]
R:
[0.20887025, 0.049636073, -0.86984354;
 -0.0050105541, 0.83252531, 0.083431616;
 0.72197753, -0.0013653273, 0.23268448]
Camera #1:
K:
[663.1920278230928, 0, 335.5;
 0, 663.1920278230928, 447;
 0, 0, 1]
R:
[0.26952109, -0.025524283, 0.96265614;
 0.04323969, 0.99896121, 0.014380795;
 -0.9620232, 0.037749026, 0.27034479]
Camera #2:
K:
[663.5648087173313, 0, 335.5;
 0, 663.5648087173313, 447;
 0, 0, 1]
R:
[0.31680375, -0.016612975, 0.9483456;
 0.020900039, 0.99972612, 0.010531197;
 -0.94826084, 0.016484138, 0.31706414]
Camera #3:
K:
[665.8857023705658, 0, 335.5;
 0, 665.8857023705658, 447;
 0, 0, 1]
R:
[0.49103445, -0.0095810955, 0.87108749;
 0.0065822299, 0.99995178, 0.0072880536;
 -0.87111533, 0.0021550115, 0.49107385]
Camera #4:
K:
[667.0307736880916, 0, 335.5;
 0, 667.0307736880916, 447;
 0, 0, 1]
R:
[0.64672405, 0.0070706573, 0.76269132;
 0.0042676022, 0.99990785, -0.012888527;
 -0.76271212, 0.011590185, 0.64663428]
Camera #5:
K:
[668.7483228313464, 0, 335.5;
 0, 668.7483228313464, 447;
 0, 0, 1]
R:
[0.80333942, -0.021329714, 0.59513938;
 0.0056244736, 0.99958563, 0.028232904;
 -0.59549499, -0.019333258, 0.80312645]
Camera #6:
K:
[668.9823710000675, 0, 335.5;
 0, 668.9823710000675, 447;
 0, 0, 1]
R:
[0.90502715, -0.011911621, 0.4251869;
 -0.0014319035, 0.9995169, 0.031049348;
 -0.42535132, -0.028709332, 0.90457284]
Camera #7:
K:
[666.8133812419196, 0, 335.5;
 0, 666.8133812419196, 447;
 0, 0, 1]
R:
[0.97073781, -0.0010746168, 0.24013942;
 -0.00049430609, 0.99997896, 0.0064730551;
 -0.24014132, -0.0064023426, 0.97071677]
Camera #8:
K:
[665.4291747320071, 0, 335.5;
 0, 665.4291747320071, 447;
 0, 0, 1]
R:
[1, 1.0913936e-10, -4.6566129e-10;
 -1.2369128e-10, 1, -4.6566129e-10;
 0, 0, 1]
Camera #9:
K:
[663.7085328216504, 0, 335.5;
 0, 663.7085328216504, 447;
 0, 0, 1]
R:
[0.95501584, -0.0065483856, -0.29648238;
 0.0096248705, 0.99991393, 0.0089181736;
 0.29639849, -0.011370602, 0.95499671]
Camera #10:
K:
[668.8702497788041, 0, 335.5;
 0, 668.8702497788041, 447;
 0, 0, 1]
R:
[0.82916927, 0.050228916, -0.55673641;
 -0.019045472, 0.99791509, 0.061667025;
 0.55867314, -0.040529095, 0.8283971]
Camera #11:
K:
[666.3360909686188, 0, 335.5;
 0, 666.3360909686188, 447;
 0, 0, 1]
R:
[0.83795178, 0.036573395, -0.54451734;
 -0.014910361, 0.99891371, 0.044148281;
 0.54554051, -0.02887518, 0.83758688]
Camera #12:
K:
[670.0822440220164, 0, 335.5;
 0, 670.0822440220164, 447;
 0, 0, 1]
R:
[0.68828058, 0.052104644, -0.72357094;
 -0.022545798, 0.99847186, 0.050454196;
 0.7250942, -0.018413156, 0.68840349]
Camera #13:
K:
[673.8420323455086, 0, 335.5;
 0, 673.8420323455086, 447;
 0, 0, 1]
R:
[0.55897111, 0.043075889, -0.82806754;
 -0.0017756098, 0.99870962, 0.050754067;
 0.82918525, -0.026899727, 0.55832624]
Camera #14:
K:
[674.1967700127092, 0, 335.5;
 0, 674.1967700127092, 447;
 0, 0, 1]
R:
[0.27588111, 0.095367894, -0.95644891;
 -0.0096156467, 0.99528974, 0.09646716;
 0.96114367, -0.017416591, 0.27549863]
Camera #15:
K:
[674.3405757332428, 0, 335.5;
 0, 674.3405757332428, 447;
 0, 0, 1]
R:
[0.27708879, 0.089554757, -0.95666176;
 -0.011923768, 0.99589086, 0.089773446;
 0.96077037, -0.013468204, 0.27701801]
Warping images (auxiliary)... 
Warping images, time: 0.187459 sec
Compositing...
Compositing image #1
Multi-band blender, number of bands: 8
Compositing image #2
Compositing image #3
Compositing image #4
Compositing image #5
Compositing image #6
Compositing image #7
Compositing image #8
Compositing image #9
Compositing image #10
Compositing image #11
Compositing image #12
Compositing image #13
Compositing image #14
Compositing image #15
Compositing, time: 20.8045 sec
Finished, total time: 71.8974 sec
