Finding features...
Features in image #1: 4217
Features in image #2: 4353
Features in image #3: 5059
Features in image #4: 5441
Features in image #5: 5944
Features in image #6: 5857
Features in image #7: 5516
Features in image #8: 5373
Features in image #9: 5320
Features in image #10: 5956
Features in image #11: 5770
Features in image #12: 5075
Features in image #13: 5263
Features in image #14: 5372
Features in image #15: 5428
Finding features, time: 14.8771 sec
Pairwise matchingPairwise matching, time: 24.5206 sec
Initial camera intrinsics #1:
K:
[578.7727691158163, 0, 335.5;
 0, 578.7727691158163, 447;
 0, 0, 1]
R:
[0.32070431, -0.030946949, 1.2876383;
 0.054309357, 1.1412064, 0.027970528;
 -0.96556902, 0.052706856, 0.30762413]
Initial camera intrinsics #2:
K:
[578.7727691158163, 0, 335.5;
 0, 578.7727691158163, 447;
 0, 0, 1]
R:
[0.37244955, -0.018329501, 1.2664919;
 0.028161602, 1.1425371, 0.022272317;
 -0.95090854, 0.030651024, 0.36167127]
Initial camera intrinsics #3:
K:
[578.7727691158163, 0, 335.5;
 0, 578.7727691158163, 447;
 0, 0, 1]
R:
[0.57410318, -0.0043118969, 1.1392962;
 0.012932085, 1.1186091, 0.016576763;
 -0.84779912, 0.020298492, 0.54947054]
Initial camera intrinsics #4:
K:
[578.7727691158163, 0, 335.5;
 0, 578.7727691158163, 447;
 0, 0, 1]
R:
[0.73306692, 0.012936308, 0.97545171;
 0.01056978, 1.0981102, -0.010755044;
 -0.72611344, 0.025386956, 0.71089214]
Initial camera intrinsics #5:
K:
[578.7727691158163, 0, 335.5;
 0, 578.7727691158163, 447;
 0, 0, 1]
R:
[0.86770308, -0.018644953, 0.73908508;
 0.0087648807, 1.0671706, 0.038438216;
 -0.56012672, -0.0051082717, 0.86264491]
Initial camera intrinsics #6:
K:
[578.7727691158163, 0, 335.5;
 0, 578.7727691158163, 447;
 0, 0, 1]
R:
[0.95547771, -0.0089894952, 0.51619607;
 0.0021291652, 1.0447336, 0.039530672;
 -0.38383302, -0.015054259, 0.95215517]
Initial camera intrinsics #7:
K:
[578.7727691158163, 0, 335.5;
 0, 578.7727691158163, 447;
 0, 0, 1]
R:
[1.0030684, -0.00070934201, 0.28629625;
 0.0033827389, 1.0282995, 0.0087392563;
 -0.20889583, 0.0012907636, 1]
Initial camera intrinsics #8:
K:
[578.7727691158163, 0, 335.5;
 0, 578.7727691158163, 447;
 0, 0, 1]
R:
[1, 0, 0;
 0, 1, 0;
 0, 0, 1]
Initial camera intrinsics #9:
K:
[578.7727691158163, 0, 335.5;
 0, 578.7727691158163, 447;
 0, 0, 1]
R:
[0.9049921, -0.0068446044, -0.32338411;
 0.0056838961, 0.95396984, 0.010123007;
 0.25643197, -0.0095201107, 0.90827167]
Initial camera intrinsics #10:
K:
[578.7727691158163, 0, 335.5;
 0, 578.7727691158163, 447;
 0, 0, 1]
R:
[0.73918432, 0.047524981, -0.58039331;
 -0.019582931, 0.90648097, 0.065937519;
 0.46554148, -0.038503673, 0.75168628]
Initial camera intrinsics #11:
K:
[578.7727691158163, 0, 335.5;
 0, 578.7727691158163, 447;
 0, 0, 1]
R:
[0.75165367, 0.031545959, -0.56744784;
 -0.01752989, 0.91287005, 0.047513854;
 0.45116672, -0.02361208, 0.76030052]
Initial camera intrinsics #12:
K:
[578.7727691158163, 0, 335.5;
 0, 578.7727691158163, 447;
 0, 0, 1]
R:
[0.59351349, 0.045163944, -0.7334457;
 -0.018847469, 0.88261014, 0.053558301;
 0.58084923, -0.015662251, 0.60306704]
Initial camera intrinsics #13:
K:
[578.7727691158163, 0, 335.5;
 0, 578.7727691158163, 447;
 0, 0, 1]
R:
[0.46653807, 0.036778755, -0.82484859;
 0.0012534064, 0.86383426, 0.05313874;
 0.64719045, -0.021145653, 0.47628576]
Initial camera intrinsics #14:
K:
[578.7727691158163, 0, 335.5;
 0, 578.7727691158163, 447;
 0, 0, 1]
R:
[0.20007259, 0.067254744, -0.897452;
 -0.0040724184, 0.82329249, 0.092531234;
 0.70020908, -0.012052118, 0.21081437]
Initial camera intrinsics #15:
K:
[578.7727691158163, 0, 335.5;
 0, 578.7727691158163, 447;
 0, 0, 1]
R:
[0.20101506, 0.062665612, -0.89764076;
 -0.0055943993, 0.82393169, 0.086318456;
 0.69976598, -0.010839148, 0.21188188]
Camera #1:
K:
[662.7824177163736, 0, 335.5;
 0, 662.7824177163736, 447;
 0, 0, 1]
R:
[0.26865947, -0.025055654, 0.96290922;
 0.043613899, 0.99895275, 0.013824904;
 -0.96224731, 0.038282041, 0.26947093]
Camera #2:
K:
[663.050210669695, 0, 335.5;
 0, 663.050210669695, 447;
 0, 0, 1]
R:
[0.31611708, -0.015943095, 0.94858611;
 0.020702925, 0.99973667, 0.009903525;
 -0.94849432, 0.016507838, 0.31636393]
Camera #3:
K:
[665.9092090661602, 0, 335.5;
 0, 665.9092090661602, 447;
 0, 0, 1]
R:
[0.49017653, -0.0092767617, 0.87157381;
 0.0069296602, 0.99995321, 0.0067459233;
 -0.87159568, 0.0027330173, 0.49021792]
Camera #4:
K:
[666.7682677409222, 0, 335.5;
 0, 666.7682677409222, 447;
 0, 0, 1]
R:
[0.64636052, 0.0077628214, 0.76299262;
 0.0038763925, 0.99990189, -0.013457019;
 -0.7630223, 0.011655747, 0.64626712]
Camera #5:
K:
[668.2237795121446, 0, 335.5;
 0, 668.2237795121446, 447;
 0, 0, 1]
R:
[0.80324388, -0.020354802, 0.5953024;
 0.0048474241, 0.99960619, 0.027638257;
 -0.59563065, -0.019314576, 0.80302626]
Camera #6:
K:
[668.0591091271119, 0, 335.5;
 0, 668.0591091271119, 447;
 0, 0, 1]
R:
[0.90501934, -0.011101467, 0.42522562;
 -0.0021191351, 0.9995293, 0.030605163;
 -0.42536527, -0.028599376, 0.9045698]
Camera #7:
K:
[666.5980936352643, 0, 335.5;
 0, 666.5980936352643, 447;
 0, 0, 1]
R:
[0.97063601, -0.00085990946, 0.24055113;
 -0.00067831198, 0.99997979, 0.006311697;
 -0.24055171, -0.0062895301, 0.97061598]
Camera #8:
K:
[664.9887791832863, 0, 335.5;
 0, 664.9887791832863, 447;
 0, 0, 1]
R:
[0.99999994, -1.036824e-10, 4.6566129e-10;
 -1.036824e-10, 1, 4.6566129e-10;
 4.6566129e-10, 4.6566129e-10, 1]
Camera #9:
K:
[663.3115243426288, 0, 335.5;
 0, 663.3115243426288, 447;
 0, 0, 1]
R:
[0.95493519, -0.0056687286, -0.29675999;
 0.0087064942, 0.99992234, 0.0089157904;
 0.29668644, -0.011097742, 0.95491052]
Camera #10:
K:
[668.0515833934114, 0, 335.5;
 0, 668.0515833934114, 447;
 0, 0, 1]
R:
[0.8289125, 0.050188046, -0.55712235;
 -0.018799871, 0.9979037, 0.061924268;
 0.55906236, -0.040855974, 0.82811844]
Camera #11:
K:
[665.6149279839386, 0, 335.5;
 0, 665.6149279839386, 447;
 0, 0, 1]
R:
[0.83775419, 0.036858439, -0.54480207;
 -0.015091643, 0.99890095, 0.044373628;
 0.54583889, -0.028952239, 0.83738983]
Camera #12:
K:
[669.3688176445243, 0, 335.5;
 0, 669.3688176445243, 447;
 0, 0, 1]
R:
[0.68800992, 0.051938448, -0.72384018;
 -0.022121325, 0.99847299, 0.050618146;
 0.72536409, -0.018813485, 0.68810833]
Camera #13:
K:
[672.8933026067682, 0, 335.5;
 0, 672.8933026067682, 447;
 0, 0, 1]
R:
[0.55842453, 0.043098949, -0.82843494;
 -0.0015098329, 0.99870056, 0.05093921;
 0.82955396, -0.02719491, 0.55776411]
Camera #14:
K:
[674.3039193227371, 0, 335.5;
 0, 674.3039193227371, 447;
 0, 0, 1]
R:
[0.27508381, 0.095561065, -0.9566592;
 -0.01000197, 0.99527854, 0.096542723;
 0.96136826, -0.016988866, 0.27474087]
Camera #15:
K:
[673.8306233108328, 0, 335.5;
 0, 673.8306233108328, 447;
 0, 0, 1]
R:
[0.27633777, 0.089501783, -0.95688385;
 -0.011049529, 0.99588424, 0.089958668;
 0.9609971, -0.014285868, 0.27618942]
Warping images (auxiliary)... 
Warping images, time: 0.186099 sec
Compositing...
Compositing image #1
Feather blender, sharpness: 0.00385323
Compositing image #2
Compositing image #3
Compositing image #4
Compositing image #5
Compositing image #6
Compositing image #7
Compositing image #8
Compositing image #9
Compositing image #10
Compositing image #11
Compositing image #12
Compositing image #13
Compositing image #14
Compositing image #15
Compositing, time: 17.9931 sec
Finished, total time: 69.1444 sec
